1 0.108 0.45345345345345345 0.072 0.12612612612612611
1 0.17 0.37987987987987987 0.052 0.10510510510510511
1 0.232 0.43243243243243246 0.06 0.12012012012012012
1 0.407 0.43993993993993996 0.066 0.13513513513513514
1 0.21 0.31681681681681684 0.056 0.09309309309309309
1 0.246 0.2627627627627628 0.056 0.08708708708708708
1 0.309 0.25675675675675674 0.05 0.09309309309309309
1 0.471 0.21171171171171171 0.05 0.08708708708708708
1 0.499 0.3048048048048048 0.05 0.11711711711711711
1 0.521 0.4144144144144144 0.058 0.12012012012012012
1 0.574 0.466966966966967 0.068 0.13513513513513514
1 0.571 0.24024024024024024 0.054 0.10810810810810811
1 0.742 0.4339339339339339 0.06 0.1111111111111111
1 0.699 0.35435435435435436 0.054 0.0960960960960961
1 0.894 0.47147147147147145 0.084 0.15015015015015015
