1 0.443 0.4294294294294294 0.062 0.12012012012012012
1 0.932 0.5540540540540541 0.068 0.0990990990990991
1 0.143 0.43093093093093093 0.046 0.07507507507507508
1 0.557 0.4369369369369369 0.058 0.08108108108108109
1 0.757 0.45495495495495497 0.03 0.05105105105105105
1 0.729 0.3933933933933934 0.022 0.036036036036036036
1 0.318 0.3978978978978979 0.052 0.07507507507507508
1 0.266 0.4624624624624625 0.044 0.08408408408408409
1 0.41 0.4339339339339339 0.028 0.06306306306306306
1 0.61 0.4159159159159159 0.032 0.05105105105105105
1 0.385 0.38288288288288286 0.022 0.04504504504504504
1 0.508 0.3933933933933934 0.024 0.03003003003003003
0 0.081 0.4339339339339339 0.05 0.0990990990990991
0 0.624 0.44894894894894893 0.044 0.08108108108108109
0 0.497 0.4294294294294294 0.03 0.05405405405405406
0 0.798 0.3963963963963964 0.016 0.03003003003003003
1 0.665 0.3708708708708709 0.018 0.03903903903903904
1 0.633 0.3228228228228228 0.022 0.03903903903903904
